# Created by Octave 6.1.1~hg.2021.01.26, Thu Aug 12 08:03:56 2021 -03 <klebermarques@klebermarques>
# name: result
# type: matrix
# rows: 61
# columns: 2
 0 1
 0.31415926535897931 1
 0.62831853071795862 0.80583889612745341
 0.94247779607693793 0.63068363390190862
 1.2566370614359172 0.29751852689592739
 1.5707963267948966 0.033117200953597492
 1.8849555921538759 -0.33080000382203123
 2.1991148575128552 -0.56444923199471375
 2.5132741228718345 -0.83912037305355724
 2.8274333882308138 -0.93376559809280524
 3.1415926535897931 -1.0332814769261041
 3.4557519189487724 -0.93376559809280535
 3.7699111843077517 -0.83912037305355747
 4.0840704496667311 -0.56444923199471408
 4.3982297150257104 -0.33080000382203156
 4.7123889803846897 0.033117200953597048
 5.026548245743669 0.29751852689592706
 5.3407075111026483 0.63068363390190829
 5.6548667764616276 0.80583889612745307
 5.9690260418206069 0.99999999999999978
 6.2831853071795862 0.99999999999999978
 6.5973445725385655 0.99999999999999989
 6.9115038378975449 0.8058388961274533
 7.2256631032565242 0.63068363390190862
 7.5398223686155035 0.2975185268959275
 7.8539816339744828 0.033117200953597492
 8.1681408993334621 -0.33080000382203112
 8.4823001646924414 -0.56444923199471375
 8.7964594300514207 -0.83912037305355724
 9.1106186954104 -0.93376559809280524
 9.4247779607693793 -1.0332814769261041
 9.7389372261283587 -0.93376559809280546
 10.053096491487338 -0.83912037305355769
 10.367255756846317 -0.56444923199471431
 10.681415022205297 -0.3308000038220319
 10.995574287564276 0.033117200953596715
 11.309733552923255 0.29751852689592673
 11.623892818282235 0.63068363390190796
 11.938052083641214 0.80583889612745285
 12.252211349000193 0.99999999999999956
 12.566370614359172 0.99999999999999978
 12.880529879718152 0.99999999999999989
 13.194689145077131 0.80583889612745341
 13.50884841043611 0.63068363390190885
 13.82300767579509 0.29751852689592762
 14.137166941154069 0.033117200953597825
 14.451326206513048 -0.33080000382203101
 14.765485471872028 -0.56444923199471342
 15.079644737231007 -0.83912037305355724
 15.393804002589986 -0.93376559809280502
 15.707963267948966 -1.0332814769261043
 16.022122533307943 -0.93376559809280535
 16.336281798666924 -0.83912037305355802
 16.650441064025905 -0.56444923199471231
 16.964600329384883 -0.33080000382203445
 17.27875959474386 0.033117200953595383
 17.592918860102841 0.29751852689592773
 17.907078125461823 0.63068363390191007
 18.2212373908208 0.80583889612745041
 18.535396656179778 0.99999999999999967
 18.849555921538759 0.99999999999999967


