# Created by Octave 6.1.1~hg.2021.01.26, Sat Jun 26 08:28:54 2021 -04 <marcelianooliveira@asus>
# name: result
# type: matrix
# rows: 61
# columns: 2
 0 1
 0.31415926535897931 0.9029194480637267
 0.62831853071795862 0.71826126501468102
 0.94247779607693793 0.46410108039891801
 1.2566370614359172 0.16531786392476244
 1.5707963267948966 -0.14884140143421687
 1.8849555921538759 -0.44762461790837249
 2.1991148575128552 -0.70178480252413555
 2.5132741228718345 -0.88644298557318124
 2.8274333882308138 -0.98352353750945465
 3.1415926535897931 -0.98352353750945465
 3.4557519189487724 -0.88644298557318135
 3.7699111843077517 -0.70178480252413578
 4.0840704496667311 -0.44762461790837282
 4.3982297150257104 -0.14884140143421726
 4.7123889803846897 0.16531786392476205
 5.026548245743669 0.46410108039891768
 5.3407075111026483 0.71826126501468068
 5.6548667764616276 0.90291944806372637
 5.9690260418206069 0.99999999999999978
 6.2831853071795862 0.99999999999999989
 6.5973445725385655 0.90291944806372659
 6.9115038378975449 0.71826126501468102
 7.2256631032565242 0.46410108039891812
 7.5398223686155035 0.16531786392476255
 7.8539816339744828 -0.14884140143421676
 8.1681408993334621 -0.44762461790837238
 8.4823001646924414 -0.70178480252413544
 8.7964594300514207 -0.88644298557318124
 9.1106186954104 -0.98352353750945465
 9.4247779607693793 -0.98352353750945476
 9.7389372261283587 -0.88644298557318157
 10.053096491487338 -0.701784802524136
 10.367255756846317 -0.4476246179083731
 10.681415022205297 -0.14884140143421759
 10.995574287564276 0.16531786392476172
 11.309733552923255 0.46410108039891734
 11.623892818282235 0.71826126501468046
 11.938052083641214 0.90291944806372626
 12.252211349000193 0.99999999999999978
 12.566370614359172 0.99999999999999989
 12.880529879718152 0.9029194480637267
 13.194689145077131 0.71826126501468113
 13.50884841043611 0.46410108039891823
 13.82300767579509 0.16531786392476272
 14.137166941154069 -0.14884140143421659
 14.451326206513048 -0.44762461790837221
 14.765485471872028 -0.70178480252413533
 15.079644737231007 -0.88644298557318113
 15.393804002589986 -0.98352353750945465
 15.707963267948966 -0.98352353750945487
 16.022122533307943 -0.8864429855731828
 16.336281798666924 -0.70178480252413622
 16.650441064025905 -0.4476246179083716
 16.964600329384883 -0.14884140143421776
 17.27875959474386 0.16531786392475978
 17.592918860102841 0.46410108039891712
 17.907078125461823 0.71826126501468135
 18.2212373908208 0.90291944806372615
 18.535396656179778 0.99999999999999967
 18.849555921538759 0.99999999999999989


